741
                 0.0                  0.0
     9.999778783e-13                  0.0
     2.249977982e-12                  0.0
     3.499978085e-12                  0.0
     5.999978292e-12                  0.0
     1.099997871e-11                  0.0
     1.724997922e-11                  0.0
     2.349997974e-11                  0.0
     2.974998026e-11                  0.0
     3.599998077e-11                  0.0
     4.224998129e-11                  0.0
     4.849998181e-11                  0.0
     6.099998284e-11                  0.0
     6.724998336e-11                  0.0
     7.349998388e-11                  0.0
     7.974998439e-11                  0.0
     8.599998491e-11                  0.0
     9.849998595e-11                  0.0
      1.10999987e-10                  0.0
     1.188125154e-10                  0.0
     1.266250438e-10                  0.0
     1.422499896e-10                  0.0
      1.50062518e-10                  0.0
     1.578750464e-10                  0.0
     1.656875748e-10                  0.0
     1.735001032e-10                  0.0
     1.813126316e-10                  0.0
       1.8912516e-10                  0.0
     2.047501058e-10                  0.0
     2.125626342e-10                  0.0
     2.203751626e-10                  0.0
     2.360001083e-10                  0.0
     2.438126367e-10                  0.0
     2.516251651e-10                  0.0
     2.672501109e-10                  0.0
     2.828750567e-10                  0.0
     2.906875851e-10                  0.0
     2.985001135e-10                  0.0
     3.141250593e-10                  0.0
     3.297500051e-10                  0.0
     3.453749509e-10                  0.0
     3.531874793e-10                  0.0
     3.610000077e-10                  0.0
     3.766249534e-10                  0.0
     3.922498992e-10                  0.0
     4.234999018e-10                  0.0
     4.391248476e-10                  0.0
     4.547497934e-10                  0.0
      4.85999796e-10                  0.0
     5.172497985e-10                  0.0
     5.484998011e-10                  0.0
     5.797498037e-10                  0.0
     6.109998063e-10                  0.0
     6.422498089e-10                  0.0
     6.734998115e-10                  0.0
     7.047498141e-10                  0.0
     7.359998166e-10                  0.0
     7.984998218e-10                  0.0
     8.297498244e-10                  0.0
      8.60999827e-10                  0.0
     8.922498296e-10                  0.0
     9.234998322e-10                  0.0
     9.547498347e-10                  0.0
     9.859998373e-10                  0.0
     1.048499843e-09                  0.0
     1.110999848e-09                  0.0
     1.150062379e-09                  0.0
      1.18912491e-09                  0.0
     1.267249861e-09                  0.0
     1.345374812e-09                  0.0
     1.384437343e-09                  0.0
     1.423499874e-09                  0.0
     1.501624824e-09                  0.0
     1.540687355e-09                  0.0
     1.579749886e-09                  0.0
     1.657874837e-09                  0.0
     1.735999788e-09                  0.0
     1.814124739e-09                  0.0
      1.89224969e-09                  0.0
     1.970374641e-09                  0.0
     2.048499592e-09                  0.0
     2.126624543e-09                  0.0
     2.204749494e-09                  0.0
     2.282874445e-09                  0.0
     2.360999396e-09                  0.0
     2.517249409e-09                  0.0
      2.59537436e-09                  0.0
     2.751624373e-09                  0.0
     2.829749324e-09                  0.0
     2.985999337e-09                  0.0
      3.14224935e-09                  0.0
     3.220374301e-09                  0.0
     3.298499252e-09                  0.0
     3.454749264e-09                  0.0
     3.610999277e-09                  0.0
      3.76724929e-09                  0.0
     3.923499303e-09                  0.0
     4.079749316e-09                  0.0
     4.235999329e-09                  0.0
     4.392249342e-09                  0.0
     4.548499355e-09                  0.0
     4.860999381e-09                  0.0
     5.017249394e-09                  0.0
     5.173499407e-09                  0.0
     5.485999433e-09                  0.0
     5.642249445e-09                  0.0
     5.798499458e-09                  0.0
     6.110999484e-09                  0.0
      6.42349951e-09                  0.0
     6.579749523e-09                  0.0
     6.735999536e-09                  0.0
     7.048499562e-09                  0.0
     7.360999588e-09                  0.0
     7.673499614e-09                  0.0
     7.985999639e-09                  0.0
     8.298499665e-09                  0.0
     8.610999691e-09                  0.0
     8.923499717e-09                  0.0
     9.548499769e-09                  0.0
     9.860999794e-09                  0.0
     1.017349982e-08                  0.0
     1.079849987e-08                  0.0
      1.11109999e-08                  0.0
     1.154430296e-08                  0.0
     1.197760602e-08                  0.0
     1.241090908e-08                  0.0
     1.284421214e-08                  0.0
     1.371081815e-08                  0.0
     1.414412121e-08                  0.0
     1.457742427e-08                  0.0
     1.544403028e-08                  0.0
     1.587733334e-08                  0.0
      1.63106364e-08                  0.0
     1.717724241e-08                  0.0
     1.761054547e-08                  0.0
     1.804384853e-08                  0.0
     1.891045454e-08                  0.0
     1.977706054e-08                  0.0
     2.064366655e-08                  0.0
     2.151027256e-08                  0.0
     2.237687857e-08                  0.0
     2.324348458e-08                  0.0
     2.411009059e-08                  0.0
      2.49766966e-08                  0.0
     2.576411839e-08                  0.0
     2.733896187e-08                  0.0
     2.812638367e-08                  0.0
     2.891380546e-08                  0.0
     2.970122726e-08                  0.0
     3.127607073e-08                  0.0
     3.285091421e-08                  0.0
     3.442575769e-08                  0.0
     3.521317948e-08                  0.0
     3.600060128e-08                  0.0
     3.757544476e-08                  0.0
     3.993771003e-08                  0.0
      4.22999753e-08                  0.0
     4.387481878e-08                  0.0
     4.544966226e-08                  0.0
     4.702450573e-08                  0.0
      5.01741928e-08                  0.0
     5.176295736e-08                  0.0
     5.335172193e-08                  0.0
     5.652925117e-08                  0.0
     5.811801573e-08                  0.0
      5.97067803e-08                  0.0
     6.288430954e-08                  0.0
     6.606183878e-08                  0.0
     6.923936802e-08                  0.0
     7.241689726e-08                  0.0
      7.55944265e-08                  0.0
     7.880004216e-08                  0.0
     8.200565782e-08                  0.0
     8.521127348e-08                  0.0
     8.841688914e-08                  0.0
     9.322531269e-08                  0.0
     9.803373624e-08                  0.0
     1.012393519e-07                  0.0
      1.06111711e-07                  0.0
       1.1098407e-07                  0.0
     1.174805488e-07                  0.0
     1.207287882e-07                  0.0
     1.239770275e-07                  0.0
     1.304735063e-07                  0.0
     1.369699851e-07                  0.0
     1.402182245e-07                  0.0
     1.467147033e-07                  0.0
     1.532111821e-07                  0.0
     1.598229925e-07                  0.0
     1.664348029e-07                  0.0
     1.730466134e-07                  0.0
     1.796584238e-07                  0.0
     1.862702342e-07                  0.0
     1.928820447e-07                  0.0
     2.061056655e-07                  0.0
     2.128945573e-07                  0.0
     2.196834491e-07                  0.0
     2.332612327e-07                  0.0
     2.400501244e-07                  0.0
      2.53627908e-07                  0.0
     2.604167998e-07                  0.0
     2.739945834e-07                  0.0
     2.807834751e-07                  0.0
     2.875723669e-07                  0.0
     3.011501505e-07                  0.0
      3.14727934e-07                  0.0
      3.25229399e-07                  0.0
     3.409815963e-07                  0.0
     3.567337936e-07                  0.0
     3.672352585e-07                  0.0
     3.882381884e-07                  0.0
     4.058961353e-07                  0.0
     4.202090993e-07                  0.0
     4.345220633e-07                  0.0
     4.559915093e-07                  0.0
     4.779384646e-07                  0.0
     4.889119422e-07                  0.0
     5.108588974e-07                  0.0
     5.328058527e-07                  0.0
     5.512574287e-07                  0.0
      5.73691724e-07                  0.0
     6.036041178e-07                  0.0
     6.188255766e-07                  0.0
     6.492684941e-07                  0.0
     6.917885955e-07                  0.0
     7.190872382e-07                  0.0
     7.463858809e-07                  0.0
     7.936889865e-07                  0.0
     8.336979124e-07                  0.0
     8.700324572e-07                  0.0
     9.026926209e-07                  0.0
      9.37941278e-07                  0.0
     9.946970038e-07                  0.0
     1.032534154e-06                  0.0
     1.070371305e-06                  0.0
     1.146444657e-06                  0.0
     1.176873998e-06                  0.0
     1.218990615e-06                  0.0
     1.272794508e-06                  0.0
      1.31800239e-06                  0.0
     1.354614261e-06                  0.0
     1.415292228e-06                  0.0
     1.478850275e-06                  0.0
     1.521222307e-06                  0.0
     1.590902254e-06                  0.0
     1.674370547e-06                  0.0
     1.744319272e-06                  0.0
     1.820468186e-06                  0.0
     1.902817289e-06                  0.0
     2.028623715e-06                  0.0
     2.126378087e-06                  0.0
     2.203571978e-06                  0.0
     2.292790181e-06                  0.0
     2.418100444e-06                  0.0
     2.569010945e-06                  0.0
     2.653427091e-06                  0.0
     2.737843238e-06                  0.0
     2.911834049e-06                  0.0
     3.065137337e-06                  0.0
      3.24897892e-06                  0.0
       3.3297547e-06                  0.0
     3.452358183e-06                  0.0
     3.577841294e-06                  0.0
     3.792446004e-06                  0.0
      3.98427552e-06                  0.0
     4.103907563e-06                  0.0
     4.351695089e-06                  0.0
     4.544154475e-06                  0.0
     4.741182438e-06                  0.0
     4.942859758e-06                  0.0
     5.149267213e-06                  0.0
      5.29176953e-06                  0.0
     5.434271846e-06                  0.0
      5.72941728e-06                  0.0
     6.035061706e-06                  0.0
     6.193318761e-06                  0.0
     6.351575815e-06                  0.0
     6.679343267e-06                  0.0
     7.018761197e-06                  0.0
     7.370240719e-06                  0.0
     7.734207378e-06                  0.0
     8.111101595e-06                  0.0
     8.501379145e-06                  0.0
     8.905511692e-06                  0.0
     9.323987339e-06                  0.0
     9.757311189e-06                  0.0
     1.020600594e-05                  0.0
     1.067061255e-05                  0.0
     1.115169089e-05                  0.0
     1.164982048e-05                  0.0
     1.216560106e-05                  0.0
     1.269965325e-05                  0.0
     1.325261924e-05                  0.0
     1.382516354e-05                  0.0
     1.441797367e-05                  0.0
     1.503176098e-05                  0.0
     1.566726156e-05                  0.0
     1.632523717e-05                  0.0
     1.700647625e-05                  0.0
     1.771179472e-05                  0.0
     1.844203682e-05                  0.0
     1.919807597e-05                  0.0
     1.998081577e-05                  0.0
     2.079119103e-05                  0.0
      2.16301689e-05                  0.0
     2.249875005e-05                  0.0
     2.339796996e-05                  0.0
     2.432890017e-05                  0.0
     2.529264944e-05                  0.0
      2.62903648e-05                  0.0
      2.73232328e-05                  0.0
     2.839248089e-05                  0.0
      2.94993788e-05                  0.0
     3.064524006e-05                  0.0
     3.183142349e-05                  0.0
     3.305933489e-05                  0.0
     3.433042873e-05                  0.0
     3.564620983e-05                  0.0
     3.700823498e-05                  0.0
     3.841811444e-05                  0.0
      3.98775137e-05                  0.0
     4.138815532e-05                  0.0
     4.295182094e-05                  0.0
     4.457035338e-05                  0.0
     4.624565884e-05                  0.0
     4.797970929e-05                  0.0
     4.977454481e-05                  0.0
     5.163227569e-05                  0.0
      5.35550844e-05                  0.0
     5.554522781e-05                  0.0
      5.76050397e-05                  0.0
     5.973693358e-05                  0.0
     6.194340554e-05                  0.0
     6.422703721e-05                  0.0
     6.659049882e-05                  0.0
     6.903655225e-05                  0.0
     7.156805395e-05                  0.0
     7.418795771e-05                  0.0
     7.689931762e-05                  0.0
     7.970529146e-05                  0.0
     8.260914434e-05                  0.0
     8.561425253e-05                  0.0
     8.872410732e-05                  0.0
     9.194231885e-05                  0.0
     9.527262017e-05                  0.0
     9.871887119e-05                  0.0
     0.0001022850628                  0.0
     0.0001059753209                  0.0
     0.0001097939114                  0.0
     0.0001137452448                  0.0
     0.0001178338814                  0.0
     0.0001220645364                  0.0
     0.0001264420846                  0.0
     0.0001309715658                  0.0
     0.0001356581895                  0.0
     0.0001405073407                  0.0
     0.0001455245857                  0.0
     0.0001507156784                  0.0
      0.000156086567                  0.0
        0.0001616434                  0.0
     0.0001673925338                  0.0
      0.000173340539                  0.0
     0.0001794942072                  0.0
     0.0001858605576                  0.0
     0.0001924468443                  0.0
     0.0001992605638                  0.0
     0.0002063094642                  0.0
     0.0002136015528                  0.0
     0.0002211451057                  0.0
     0.0002289486765                  0.0
     0.0002370211052                  0.0
     0.0002453715273                  0.0
     0.0002540093827                  0.0
     0.0002629444255                  0.0
     0.0002721867336                  0.0
     0.0002817467202                  0.0
     0.0002916351452                  0.0
     0.0003018631264                  0.0
     0.0003124421515                  0.0
     0.0003233840902                  0.0
     0.0003347012059                  0.0
     0.0003464061682                  0.0
     0.0003585120651                  0.0
     0.0003710324165                  0.0
     0.0003839811882                  0.0
     0.0003973728068                  0.0
     0.0004112221755                  0.0
     0.0004255446892                  0.0
     0.0004403562506                  0.0
     0.0004556732859                  0.0
     0.0004715127611                  0.0
     0.0004878921987                  0.0
     0.0005048296948                  0.0
     0.0005223439371                  0.0
     0.0005404542245                  0.0
     0.0005591804874                  0.0
     0.0005785433082                  0.0
     0.0005985639423                  0.0
     0.0006192643393                  0.0
     0.0006406671635                  0.0
     0.0006627958161                  0.0
     0.0006856744577                  0.0
     0.0007093280313                  0.0
      0.000733782287                  0.0
     0.0007590638084                  0.0
     0.0007852000391                  0.0
      0.000812219311                  0.0
     0.0008401508715                  0.0
     0.0008690249117                  0.0
     0.0008988725942                  0.0
     0.0009297260823                  0.0
     0.0009616185693                  0.0
     0.0009945843113                  0.0
       0.00102865866                  0.0
      0.001063878098                  0.0
      0.001100280273                  0.0
      0.001137904036                  0.0
      0.001176789476                  0.0
      0.001216977957                  0.0
      0.001258512155                  0.0
      0.001301436101                  0.0
      0.001345795214                  0.0
      0.001391636349                  0.0
      0.001439007837                  0.0
      0.001487959532                  0.0
      0.001538542856                  0.0
      0.001590810847                  0.0
      0.001644818204                  0.0
      0.001700621341                  0.0
      0.001758278432                  0.0
      0.001817849462                  0.0
      0.001879396282                  0.0
      0.001942982662                  0.0
      0.002008674347                  0.0
      0.002076539123                  0.0
      0.002146646867                  0.0
      0.002219069615                  0.0
      0.002293881625                  0.0
       0.00237115943                  0.0
      0.002450981914                  0.0
      0.002533430366                  0.0
      0.002618588557                  0.0
      0.002706542803                  0.0
      0.002797382043                  0.0
      0.002891197913                  0.0
      0.002988084824                  0.0
      0.003088140044                  0.0
      0.003191463774                  0.0
      0.003298159234                  0.0
      0.003408332741                  0.0
        0.0035220938                  0.0
       0.00363955519                  0.0
      0.003760833057                  0.0
      0.003886047009                  0.0
       0.00401532021                  0.0
      0.004148779484                  0.0
      0.004286555416                  0.0
      0.004428782457                  0.0
      0.004575599034                  0.0
      0.004727147654                  0.0
      0.004883575011                  0.0
      0.005045032102                  0.0
      0.005211674339                  0.0
      0.005383661676                  0.0
      0.005561158731                  0.0
      0.005744334918                  0.0
      0.005933364573                  0.0
      0.006128427088                  0.0
       0.00632970704                  0.0
      0.006537394328                  0.0
      0.006751684309                  0.0
      0.006972777941                  0.0
      0.007200881926                  0.0
      0.007436208856                  0.0
      0.007678977369                  0.0
      0.007929412298                  0.0
      0.008187744831                  0.0
      0.008454212675                  0.0
      0.008729060215                  0.0
      0.009012538676                  0.0
      0.009304906284                  0.0
      0.009606428423                  0.0
      0.009917377803                  0.0
       0.01023803463                  0.0
       0.01056868676                  0.0
       0.01090962992                  0.0
       0.01126116784                  0.0
       0.01162361247                  0.0
       0.01199728411                  0.0
       0.01238251166                  0.0
        0.0127796327                  0.0
       0.01318899377                  0.0
       0.01361095044                  0.0
       0.01404586757                  0.0
       0.01449411942                  0.0
       0.01495608988                  0.0
        0.0154321726                  0.0
       0.01592277119                  0.0
       0.01642829939                  0.0
       0.01694918121                  0.0
       0.01748585114                  0.0
       0.01803875428                  0.0
       0.01860834654                  0.0
       0.01919509473                  0.0
       0.01979947679                  0.0
        0.0204219819                  0.0
       0.02106311061                  0.0
       0.02172337505                  0.0
       0.02240329903                  0.0
       0.02310341821                  0.0
       0.02382428024                  0.0
       0.02456644492                  0.0
       0.02533048435                  0.0
       0.02611698305                  0.0
        0.0269265381                  0.0
        0.0277597593                  0.0
       0.02861726926                  0.0
       0.02949970356                  0.0
       0.03040771086                  0.0
       0.03134195305                  0.0
       0.03230310537                  0.0
       0.03329185658                  0.0
       0.03430890903                  0.0
       0.03535497885                  0.0
       0.03643079612                  0.0
       0.03753710491                  0.0
       0.03867466348                  0.0
       0.03984424435                  0.0
       0.04104663445                  0.0
        0.0422826353                  0.0
       0.04355306325                  0.0
       0.04485874963                  0.0
       0.04620054099                  0.0
        0.0482828146                  0.0
       0.05008372622                  0.0
         0.051568716                  0.0
       0.05309404587                  0.0
       0.05466065429                  0.0
       0.05626949671                  0.0
       0.05792154587                  0.0
       0.05961779216                  0.0
       0.06135924404                  0.0
       0.06314692846                  0.0
       0.06498189133                  0.0
       0.06686519806                  0.0
       0.06879793395                  0.0
       0.07078120463                  0.0
        0.0728161365                  0.0
       0.07490387712                  0.0
        0.0770455955                  0.0
       0.07924248248                  0.0
       0.08149575107                  0.0
       0.08380663677                  0.0
        0.0861763979                  0.0
       0.08860631592                  0.0
        0.0910976957                  0.0
       0.09365186572                  0.0
       0.09627017837                  0.0
       0.09895401013                  0.0
        0.1017047618                  0.0
        0.1045238584                  0.0
        0.1074127492                  0.0
        0.1103729079                  0.0
        0.1134058322                  0.0
        0.1165130435                  0.0
        0.1205038806                  0.0
        0.1229565332                  0.0
        0.1262959737                  0.0
        0.1297160251                  0.0
        0.1332183267                  0.0
        0.1368045404                  0.0
        0.1404763502                  0.0
        0.1442354617                  0.0
        0.1480836014                  0.0
        0.1520225161                  0.0
        0.1560539719                  0.0
        0.1601797536                  0.0
        0.1644016631                  0.0
        0.1687215191                  0.0
        0.1731411556                  0.0
        0.1776624206                  0.0
        0.1822871752                  0.0
        0.1870172922                  0.0
        0.1918546543                  0.0
        0.1968011528                  0.0
        0.2018586859                  0.0
        0.2070291564                  0.0
        0.2123144703                  0.0
        0.2177165342                  0.0
        0.2232372534                  0.0
        0.2288785294                  0.0
        0.2346422582                  0.0
        0.2405303273                  0.0
        0.2465446136                  0.0
        0.2526869811                  0.0
        0.2589592776                  0.0
        0.2653633324                  0.0
        0.2719009522                  0.0
        0.2785739182                  0.0
        0.2853839822                  0.0
        0.2923328628                  0.0
        0.2994222419                  0.0
         0.306653761                  0.0
        0.3140290168                  0.0
        0.3215495575                  0.0
        0.3292168779                  0.0
        0.3370324145                  0.0
        0.3449975401                  0.0
        0.3490366092                  0.0
        0.3531135589                  0.0
        0.3572285406                  0.0
        0.3613817007                  0.0
        0.3655731801                  0.0
        0.3698031146                  0.0
        0.3740716339                  0.0
         0.378378862                  0.0
        0.3827249166                  0.0
        0.3871099092                  0.0
        0.3915339444                  0.0
        0.3959971204                  0.0
        0.4004995279                  0.0
        0.4050412506                  0.0
        0.4096223648                  0.0
        0.4142429387                  0.0
        0.4189030325                  0.0
        0.4236026979                  0.0
         0.428341978                  0.0
        0.4331209064                  0.0
        0.4379395077                  0.0
        0.4427977962                  0.0
        0.4476957763                  0.0
        0.4526334421                  0.0
        0.4576107767                  0.0
        0.4626277521                  0.0
        0.4676843292                  0.0
        0.4727804567                  0.0
        0.4779160713                  0.0
        0.4830910969                  0.0
        0.4883054441                  0.0
        0.4935590098                  0.0
        0.4988516764                  0.0
        0.5041833116                  0.0
        0.5095537677                  0.0
         0.514962881                  0.0
        0.5204104713                  0.0
        0.5258963418                  0.0
        0.5314202779                  0.0
         0.536982047                  0.0
        0.5425813978                  0.0
        0.5482180596                  0.0
        0.5538917418                  0.0
         0.559602133                  0.0
        0.5653489002                  0.0
        0.5711316884                  0.0
        0.5769501195                  0.0
        0.5828037913                  0.0
         0.588692277                  0.0
        0.5946151238                  0.0
        0.6005718523                  0.0
        0.6065619549                  0.0
        0.6125848955                  0.0
        0.6186401077                  0.0
        0.6247269942                  0.0
        0.6308449254                  0.0
        0.6369932383                  0.0
        0.6431712354                  0.0
        0.6493781828                  0.0
        0.6556133095                  0.0
        0.6618758055                  0.0
        0.6681648202                  0.0
        0.6744794606                  0.0
        0.6808187901                  0.0
         0.687181826                  0.0
        0.6935675377                  0.0
        0.6999748449                  0.0
        0.7064026154                  0.0
        0.7128496627                  0.0
        0.7193147438                  0.0
        0.7257965569                  0.0
        0.7322937382                  0.0
        0.7388048598                  0.0
        0.7453284259                  0.0
        0.7518628697                  0.0
        0.7584065497                  0.0
        0.7649577461                  0.0
        0.7715146565                  0.0
        0.7780753918                  0.0
        0.7846379714                  0.0
        0.7912003189                  0.0
        0.7977602562                  0.0
        0.8043154981                  0.0
        0.8108636462                  0.0
        0.8174021814                  0.0
        0.8239284572                  0.0
        0.8304396913                  0.0
        0.8369329565                  0.0
        0.8434051716                  0.0
          0.84985309                  0.0
        0.8562732888                  0.0
         0.862662155                  0.0
        0.8690158708                  0.0
        0.8753303979                  0.0
        0.8816014585                  0.0
        0.8878245149                  0.0
        0.8939947461                  0.0
         0.900107021                  0.0
        0.9061558688                  0.0
         0.912135443                  0.0
        0.9180394818                  0.0
        0.9238612595                  0.0
        0.9295935312                  0.0
        0.9352284647                  0.0
        0.9407575603                  0.0
        0.9461715519                  0.0
        0.9514602851                  0.0
         0.956612565                  0.0
        0.9616159621                  0.0
        0.9664565601                  0.0
        0.9711186208                  0.0
        0.9755841259                  0.0
        0.9798321301                  0.0
        0.9875709851                  0.0
        0.9940556838                  0.0
        0.9966852438                  0.0
        0.9982845135                  0.0
        0.9991469849                  0.0
        0.9995292973                  0.0
        0.9997596483                  0.0
        0.9998748238                  0.0
        0.9999324116                  0.0
        0.9999612055                  0.0
        0.9999756024                  0.0
        0.9999828009                  0.0
        0.9999899993                  0.0
        0.9999949997                  0.0
        0.9999974998                  0.0
        0.9999987499                  0.0
         0.999999375                  0.0
        0.9999996875                  0.0
        0.9999998437                  0.0
        0.9999999219                  0.0
